var points=[
[2813,210,1],
[2813,150,1],
[2794,180,10],
[2785,230,3],
[2780,170,3],
[2775,230,3],
[2770,170,3],
[2763,110,1],
[2757,150,3],
[2752,110,3],
[2745,70,3],
[2738,70,3],
[2724,240,3],
[2720,170,3],
[2715,240,3],
[2710,170,3],
[2693,130,9],
[2678,220,9],
[2660,130,9],
[2645,220,9],
[2631,140,9],
[2615,190,9],
[2600,240,9],
[2586,310,9],
[2568,130,9],
[2553,220,9],
[2535,130,9],
[2520,220,9],
[2506,140,9],
[2490,190,9],
[2475,240,9],
[2461,310,9],
[2439,140,5],
[2439,180,5],
[2434,140,5],
[2434,180,5],
[2429,140,5],
[2429,180,5],
[2397,310,20],
[2368,60,20],
[2334,300,20],
[2315,140,5],
[2315,180,5],
[2310,140,5],
[2310,180,5],
[2305,140,5],
[2305,180,5],
[2273,310,20],
[2244,60,20],
[2210,300,20],
[2190,170,10],
[2184,210,3],
[2178,250,3],
[2171,290,3],
[2166,250,3],
[2161,210,3],
[2156,170,3],
[2151,130,3],
[2145,90,3],
[2139,60,3],
[2132,90,3],
[2125,130,3],
[2117,170,3],
[2111,210,3],
[2105,250,3],
[2098,290,3],
[2093,250,3],
[2088,210,3],
[2083,170,3],
[2078,130,3],
[2072,90,3],
[2066,60,3],
[2059,90,3],
[2052,130,3],
[2044,170,3],
[2039,210,3],
[2033,250,3],
[2026,290,3],
[2021,250,3],
[2016,210,3],
[2011,170,3],
[2006,130,3],
[2000,90,3],
[1994,60,3],
[1987,90,3],
[1980,130,3],
[1972,170,3],
[1964,170,3],
[1925,160,15],
[1918,120,2],
[1912,210,2],
[1907,120,2],
[1894,160,7],
[1889,130,2],
[1886,90,2],
[1882,50,2],
[1878,20,2],
[1875,50,2],
[1860,90,10],
[1852,200,3],
[1850,170,3],
[1846,140,3],
[1830,220,8],
[1803,160,15],
[1796,120,2],
[1790,210,2],
[1785,120,2],
[1772,160,7],
[1767,130,2],
[1764,90,2],
[1760,50,2],
[1756,20,2],
[1753,50,2],
[1738,90,10],
[1730,200,3],
[1728,170,3],
[1724,140,3],
[1708,220,8],
[1678,160,15],
[1671,120,2],
[1665,210,2],
[1660,120,2],
[1647,160,7],
[1642,130,2],
[1639,90,2],
[1635,50,2],
[1631,20,2],
[1628,50,2],
[1613,90,10],
[1605,200,3],
[1603,170,3],
[1599,140,3],
[1583,220,8],
[1548,310,20],
[1517,200,20],
[1490,70,20],
[1463,200,20],
[1426,310,20],
[1395,200,20],
[1368,70,20],
[1341,200,20],
[1313,180,10],
[1305,140,3],
[1299,230,3],
[1290,180,7],
[1282,230,3],
[1277,170,3],
[1272,230,3],
[1267,170,3],
[1260,110,1],
[1254,150,3],
[1249,110,3],
[1242,70,3],
[1235,70,3],
[1221,240,3],
[1217,170,3],
[1212,240,3],
[1207,170,3],
[1191,180,10],
[1183,140,3],
[1177,230,3],
[1168,180,7],
[1158,240,3],
[1154,170,3],
[1148,240,3],
[1144,170,3],
[1137,110,1],
[1131,150,3],
[1126,110,3],
[1119,70,3],
[1112,70,3],
[1099,240,3],
[1094,170,3],
[1089,240,3],
[1084,170,3],
[1063,180,10],
[1055,140,3],
[1049,230,3],
[1040,180,7],
[1032,230,3],
[1027,170,3],
[1022,230,3],
[1017,170,3],
[1010,110,1],
[1004,150,3],
[999,110,3],
[992,70,3],
[985,70,3],
[971,240,3],
[967,170,3],
[962,240,3],
[957,170,3],
[941,180,10],
[933,140,3],
[927,230,3],
[918,180,7],
[908,240,3],
[904,170,3],
[898,240,3],
[894,170,3],
[887,110,1],
[881,150,3],
[876,110,3],
[869,70,3],
[862,70,3],
[849,240,3],
[844,170,3],
[839,240,3],
[834,170,3],
[822,230,8],
[818,190,8],
[813,150,8],
[809,110,8],
[804,70,8],
[793,180,1],
[784,230,3],
[779,170,3],
[774,230,3],
[769,170,3],
[762,110,1],
[756,150,3],
[751,110,3],
[744,70,3],
[737,70,3],
[723,240,3],
[719,170,3],
[714,240,3],
[709,170,3],
[693,180,10],
[685,140,3],
[679,230,3],
[670,180,7],
[660,240,3],
[656,170,3],
[650,240,3],
[646,170,3],
[639,110,1],
[633,150,3],
[628,110,3],
[621,70,3],
[614,70,3],
[601,240,3],
[596,170,3],
[591,240,3],
[586,170,3],
[568,140,3],
[568,190,3],
[558,120,2],
[553,180,2],
[538,260,10],
[531,130,3],
[524,220,3],
[491,30,20],
[481,30,3],
[476,120,3],
[454,110,7],
[448,190,2],
[448,140,2],
[436,120,2],
[431,180,2],
[413,260,7],
[406,130,3],
[399,220,3],
[369,30,10],
[359,30,3],
[354,120,3],
[332,110,7],
[326,190,2],
[326,140,2],
[290,270,20],
[260,170,15],
[230,80,20],
[200,180,15],
[169,270,15],
[139,180,10],
[106,90,20],
[90,260,5],
[74,150,3],
[74,210,3],
[69,180,1],
[59,180,1],
[49,180,1],
[39,180,1],
[29,180,1],
[19,180,1],
[10,180,1]
];
